10010100 00100001 11111111 11110000
01111100 00001000 00000010 10100110
10010000 00000001 00000000 00010100
11000000 00101101 10000001 11101100
01001000 00001011 01110100 00011001
00111100 01100000 10000000 00111100
00111000 00000000 00000000 00000000
00111000 10000011 00000101 01011000
00111000 01100000 00000000 00000100
10010000 00000100 00011010 11101100
01001000 00000001 01111111 10001101
11000000 00100010 10001100 00100000
00111000 01100000 00000000 00000101
01001000 00000001 01110100 11010001
10000000 00000001 00000000 00010100
00111000 01100000 00000000 00000000
01111100 00001000 00000011 10100110
00111000 00100001 00000000 00010000
01001110 10000000 00000000 00100000